[38;2;0;0;0m.[38;2;22;37;49mi[38;2;59;101;134m([38;2;57;97;129m([38;2;58;99;132m([38;2;55;95;126m)[38;2;43;78;105m[[38;2;39;71;97m][38;2;39;71;97m?[38;2;39;71;97m?[38;2;39;71;97m][38;2;39;71;97m?[38;2;39;71;97m?[38;2;39;71;97m][38;2;39;71;97m?[38;2;39;71;97m][38;2;39;71;97m?[38;2;39;71;97m?[38;2;39;72;97m][38;2;39;72;97m][38;2;39;72;97m?[38;2;41;74;101m][38;2;52;90;120m1[38;2;58;100;133m([38;2;57;97;129m([38;2;57;97;129m)[38;2;57;97;129m([38;2;57;97;129m)[38;2;57;98;130m([38;2;57;98;131m([38;2;47;85;113m{[38;2;39;78;103m[[38;2;47;85;114m{[38;2;58;98;131m([38;2;57;98;130m)[38;2;57;97;129m([38;2;57;98;130m)[38;2;58;99;132m([38;2;49;86;117m{[38;2;39;74;103m][38;2;45;81;111m}[38;2;56;95;127m)[38;2;48;85;113m{[38;2;44;79;104m[[38;2;44;80;105m[[38;2;46;82;108m}[38;2;41;73;98m][38;2;35;60;83m_[38;2;37;63;86m-[38;2;43;78;103m[[38;2;45;81;108m}[38;2;44;79;105m[[38;2;47;83;110m}[38;2;17;31;40ml[38;2;0;0;0m.[0m
[38;2;0;0;0m.[38;2;21;36;48m![38;2;57;98;130m([38;2;56;96;128m)[38;2;41;70;93m?[38;2;13;20;26m;[38;2;48;50;53m+[38;2;72;74;75m}[38;2;70;73;76m[[38;2;70;73;76m}[38;2;70;73;76m[[38;2;70;73;76m}[38;2;70;73;76m[[38;2;70;73;76m[[38;2;70;73;76m[[38;2;70;73;76m[[38;2;70;73;76m}[38;2;71;73;76m}[38;2;66;71;76m[[38;2;64;70;76m][38;2;65;71;76m[[38;2;55;61;65m-[38;2;15;20;24m;[38;2;30;52;69m~[38;2;55;95;126m)[38;2;55;94;125m)[38;2;55;94;125m)[38;2;56;95;126m)[38;2;50;86;114m{[38;2;18;31;41ml[38;2;30;15;19m;[38;2;67;25;31mi[38;2;30;15;19m;[38;2;18;31;42ml[38;2;51;86;115m{[38;2;56;96;127m([38;2;53;91;121m1[38;2;23;39;52mi[38;2;24;24;19mI[38;2;69;61;33m-[38;2;42;37;23m>[38;2;15;25;33mI[38;2;45;77;103m[[38;2;45;80;107m}[38;2;43;77;102m[[38;2;23;40;53mi[38;2;7;17;18m:[38;2;16;52;44m>[38;2;13;41;35m![38;2;9;16;21m:[38;2;32;57;76m+[38;2;44;79;104m[[38;2;45;80;106m[[38;2;17;30;39ml[38;2;0;0;0m.[0m
[38;2;0;0;0m.[38;2;21;36;48mi[38;2;57;98;130m([38;2;57;97;129m([38;2;14;26;36mI[38;2;15;13;11m,[38;2;202;207;214mh[38;2;242;249;253mB[38;2;239;245;253m%[38;2;239;245;253m%[38;2;239;245;253m%[38;2;239;245;253m%[38;2;239;245;253m%[38;2;239;245;253mB[38;2;239;245;253m%[38;2;239;245;253m%[38;2;239;245;253m%[38;2;239;245;253m%[38;2;226;240;253m&[38;2;216;237;253m&[38;2;218;238;254m&[38;2;211;230;241mM[38;2;55;58;61m_[38;2;0;0;1m.[38;2;52;89;118m1[38;2;56;95;126m)[38;2;55;94;125m)[38;2;57;98;130m([38;2;36;62;81m_[38;2;0;0;0m.[38;2;139;47;58m}[38;2;245;86;106mz[38;2;137;47;57m}[38;2;0;0;0m.[38;2;36;62;83m-[38;2;58;100;133m([38;2;44;76;101m[[38;2;0;0;0m.[38;2;112;92;46m|[38;2;249;221;115mo[38;2;186;155;80mC[38;2;1;0;0m.[38;2;26;46;62m<[38;2;54;94;125m)[38;2;39;71;94m?[38;2;0;0;0m.[38;2;15;54;44m>[38;2;58;194;162mU[38;2;49;165;138mv[38;2;1;9;5m`[38;2;13;22;30m;[38;2;44;80;105m}[38;2;45;80;106m[[38;2;17;30;39ml[38;2;0;0;0m.[0m
[38;2;0;0;0m.[38;2;21;36;48m![38;2;57;98;130m([38;2;56;96;127m)[38;2;46;79;105m[[38;2;18;30;40ml[38;2;28;33;37m![38;2;45;49;52m~[38;2;44;48;52m~[38;2;44;48;52m~[38;2;44;48;52m~[38;2;44;48;52m~[38;2;44;48;52m~[38;2;44;48;52m~[38;2;44;48;52m~[38;2;44;48;52m~[38;2;44;48;52m~[38;2;44;48;52m~[38;2;41;47;52m~[38;2;40;47;52m<[38;2;41;48;52m~[38;2;33;39;44mi[38;2;15;24;31mI[38;2;37;64;85m-[38;2;56;95;127m)[38;2;55;94;125m)[38;2;55;94;125m)[38;2;55;95;126m)[38;2;53;90;120m1[38;2;26;44;58m>[38;2;19;18;24m;[38;2;40;21;26ml[38;2;19;18;24m;[38;2;26;44;59m>[38;2;53;90;120m1[38;2;56;95;126m)[38;2;55;93;124m)[38;2;31;52;70m~[38;2;17;22;25m;[38;2;41;40;27m>[38;2;24;27;24ml[38;2;21;36;48m![38;2;50;86;114m{[38;2;56;96;127m)[38;2;48;84;111m}[38;2;28;50;66m~[38;2;10;19;24m:[38;2;12;33;31ml[38;2;10;27;26mI[38;2;14;25;32mI[38;2;36;65;85m-[38;2;44;78;104m[[38;2;45;80;106m[[38;2;17;30;39ml[38;2;0;0;0m.[0m
[38;2;0;0;0m.[38;2;22;37;50mi[38;2;59;102;135m([38;2;57;98;130m([38;2;58;100;132m([38;2;58;99;132m|[38;2;51;89;120m1[38;2;47;84;114m}[38;2;47;84;114m{[38;2;47;84;114m}[38;2;47;84;114m{[38;2;47;84;114m}[38;2;47;84;114m{[38;2;47;84;114m}[38;2;47;84;114m{[38;2;47;84;114m}[38;2;47;84;114m{[38;2;47;84;114m}[38;2;48;84;114m{[38;2;48;84;114m}[38;2;48;84;114m{[38;2;49;87;117m{[38;2;57;97;129m([38;2;59;101;134m([38;2;57;98;130m([38;2;57;98;130m([38;2;54;94;126m)[38;2;53;92;123m1[38;2;55;95;127m)[38;2;59;101;134m|[38;2;54;94;125m)[38;2;48;89;118m{[38;2;54;94;125m)[38;2;59;101;134m([38;2;58;98;131m([38;2;57;98;130m([38;2;57;98;130m)[38;2;59;101;134m|[38;2;55;95;127m)[38;2;48;86;118m{[38;2;52;91;123m1[38;2;59;100;133m([38;2;58;99;132m([38;2;57;98;130m([38;2;55;95;126m)[38;2;47;83;111m}[38;2;44;79;105m[[38;2;40;71;96m][38;2;41;73;98m?[38;2;46;82;108m}[38;2;46;82;108m}[38;2;45;80;106m[[38;2;47;83;110m}[38;2;18;31;41ml[38;2;0;0;0m.[0m
[38;2;0;0;0m.[38;2;9;17;24m:[38;2;24;48;67m<[38;2;23;46;64m<[38;2;23;46;64m>[38;2;23;46;64m>[38;2;23;47;65m<[38;2;23;47;65m<[38;2;23;47;65m>[38;2;23;47;65m<[38;2;23;47;65m<[38;2;23;47;65m>[38;2;23;47;65m<[38;2;23;47;65m<[38;2;23;47;65m>[38;2;23;47;65m<[38;2;23;47;65m<[38;2;23;47;65m>[38;2;23;47;65m<[38;2;23;47;65m<[38;2;23;47;65m<[38;2;23;47;65m<[38;2;23;46;64m>[38;2;23;46;64m<[38;2;23;45;64m>[38;2;23;47;65m<[38;2;52;85;111m{[38;2;70;107;136m/[38;2;52;85;111m{[38;2;23;47;65m<[38;2;23;46;64m>[38;2;23;47;65m<[38;2;23;46;65m<[38;2;23;46;64m>[38;2;23;46;64m<[38;2;23;46;64m>[38;2;23;46;64m<[38;2;23;46;64m>[38;2;23;46;64m<[38;2;23;47;65m<[38;2;23;46;65m>[38;2;23;46;64m<[38;2;23;46;64m<[38;2;23;46;64m>[38;2;23;46;64m<[38;2;18;38;54mi[38;2;17;36;50m![38;2;17;37;51m![38;2;17;37;51mi[38;2;17;36;50m![38;2;17;36;50m![38;2;17;36;50m![38;2;17;37;52mi[38;2;7;14;19m,[38;2;0;0;0m.[0m
[38;2;0;0;0m.[38;2;48;49;50m~[38;2;129;131;130mv[38;2;124;126;130mu[38;2;124;126;130mu[38;2;124;126;130mu[38;2;124;126;130mu[38;2;128;130;134mv[38;2;130;132;136mc[38;2;130;132;136mv[38;2;130;132;136mc[38;2;130;132;136mc[38;2;130;132;136mv[38;2;130;132;136mc[38;2;130;132;136mc[38;2;130;132;136mv[38;2;130;132;136mc[38;2;130;132;136mc[38;2;130;132;136mv[38;2;130;132;136mc[38;2;130;132;136mv[38;2;130;132;136mc[38;2;130;132;136mv[38;2;130;132;136mc[38;2;129;131;135mv[38;2;127;130;134mv[38;2;193;200;209mb[38;2;226;235;244mW[38;2;193;201;209mb[38;2;126;129;132mv[38;2;124;126;130mu[38;2;127;130;133mv[38;2;128;130;134mv[38;2;128;130;134mv[38;2;128;130;134mv[38;2;128;130;134mv[38;2;127;129;133mv[38;2;125;128;131mu[38;2;124;126;130mu[38;2;124;126;130mu[38;2;124;126;130mu[38;2;124;126;130mu[38;2;124;126;130mu[38;2;124;126;130mu[38;2;124;126;130mu[38;2;122;126;130mu[38;2;113;122;131mn[38;2;113;122;131mx[38;2;113;122;131mn[38;2;113;122;131mx[38;2;113;122;131mn[38;2;113;122;131mn[38;2;117;127;131mn[38;2;43;47;50m~[38;2;0;0;0m.[0m
[38;2;0;0;0m.[38;2;96;99;102m/[38;2;255;255;255m$[38;2;249;255;255m$[38;2;249;255;255m@[38;2;249;255;255m$[38;2;252;255;255m$[38;2;219;227;235mM[38;2;193;204;211mb[38;2;192;203;210mb[38;2;192;203;210mb[38;2;192;203;210mb[38;2;192;203;210mb[38;2;192;203;210mb[38;2;192;203;210mb[38;2;192;203;210mb[38;2;192;203;210mb[38;2;192;203;210mb[38;2;192;204;211mb[38;2;192;204;211mb[38;2;192;204;211mb[38;2;192;204;211mb[38;2;192;204;211mb[38;2;192;204;211mb[38;2;209;217;225mo[38;2;248;255;255m$[38;2;246;253;255m@[38;2;241;248;255mB[38;2;244;251;255mB[38;2;249;255;255m@[38;2;245;252;255m@[38;2;221;227;236m#[38;2;218;225;233m#[38;2;218;225;233m#[38;2;218;225;233m#[38;2;218;225;233m#[38;2;222;229;237mM[38;2;243;250;255mB[38;2;255;255;255m$[38;2;251;255;255m$[38;2;249;255;255m@[38;2;249;255;255m$[38;2;249;255;255m@[38;2;249;255;255m$[38;2;249;255;255m@[38;2;247;255;255m@[38;2;229;249;255m%[38;2;226;248;255m%[38;2;226;248;255m%[38;2;226;248;255m%[38;2;226;248;255m8[38;2;226;248;255m%[38;2;234;255;255m@[38;2;86;96;102m|[38;2;0;0;0m.[0m
[38;2;0;0;0m.[38;2;92;95;98m|[38;2;248;255;255m@[38;2;239;246;255mB[38;2;239;246;255m%[38;2;245;252;255m@[38;2;124;128;132mu[38;2;21;16;17m;[38;2;69;25;31m>[38;2;73;27;33m<[38;2;73;26;33m>[38;2;73;26;33m<[38;2;73;26;33m<[38;2;73;26;33m>[38;2;72;26;32m<[38;2;78;28;35m<[38;2;80;29;36m~[38;2;73;25;32m>[38;2;71;18;25mi[38;2;71;18;25mi[38;2;71;18;25mi[38;2;71;18;25mi[38;2;71;18;25mi[38;2;72;18;25mi[38;2;30;12;15m;[38;2;73;77;80m}[38;2;233;240;246m8[38;2;241;248;255mB[38;2;239;246;255mB[38;2;243;250;255mB[38;2;203;209;217mh[38;2;67;69;71m[[38;2;59;61;63m?[38;2;59;61;63m?[38;2;59;61;63m?[38;2;60;62;63m?[38;2;55;57;58m-[38;2;46;47;49m~[38;2;121;125;129mu[38;2;231;238;244m&[38;2;241;248;255mB[38;2;239;246;255mB[38;2;239;246;255m%[38;2;239;246;255mB[38;2;239;246;255m%[38;2;240;246;255mB[38;2;224;241;255m8[38;2;216;238;255mW[38;2;217;238;255m&[38;2;217;238;255mW[38;2;217;238;255m&[38;2;217;238;255m&[38;2;225;247;255m8[38;2;83;92;98m([38;2;0;0;0m.[0m
[38;2;0;0;0m.[38;2;92;95;98m|[38;2;248;255;255m$[38;2;239;246;255m%[38;2;240;247;255mB[38;2;242;249;255mB[38;2;48;53;54m+[38;2;34;5;9m:[38;2;237;84;104mv[38;2;242;86;107mz[38;2;246;87;108mz[38;2;246;87;108mz[38;2;246;87;108mz[38;2;246;87;108mz[38;2;250;89;110mX[38;2;192;68;84mf[38;2;169;60;74m|[38;2;245;87;108mz[38;2;244;74;97mv[38;2;240;58;82mr[38;2;240;58;82mx[38;2;240;58;82mr[38;2;236;57;81mr[38;2;243;58;83mx[38;2;95;20;29m<[38;2;0;6;6m`[38;2;212;219;227mo[38;2;243;250;255mB[38;2;239;246;255m%[38;2;239;246;255mB[38;2;239;246;255m%[38;2;236;243;251m%[38;2;234;241;250m8[38;2;234;241;250m8[38;2;234;241;250m8[38;2;235;242;250m8[38;2;236;242;247m8[38;2;167;171;178mO[38;2;0;0;0m.[38;2;112;116;120mr[38;2;249;255;255m$[38;2;240;247;255m%[38;2;239;246;255mB[38;2;239;246;255m%[38;2;239;246;255mB[38;2;240;246;255m%[38;2;227;242;255m8[38;2;216;238;255mW[38;2;217;238;255m&[38;2;217;238;255m&[38;2;217;238;255mW[38;2;217;238;255m&[38;2;225;247;255m8[38;2;83;92;98m([38;2;0;0;0m.[0m
[38;2;0;0;0m.[38;2;92;95;98m|[38;2;248;255;255m@[38;2;239;246;255mB[38;2;240;247;255mB[38;2;242;249;255mB[38;2;53;58;60m-[38;2;37;8;12m:[38;2;234;84;104mv[38;2;229;82;102mv[38;2;185;66;82mt[38;2;180;64;80mt[38;2;180;64;80m/[38;2;180;64;80mt[38;2;186;67;82mt[38;2;48;18;21ml[38;2;2;1;1m.[38;2;171;61;76m/[38;2;184;65;81mt[38;2;184;48;66m([38;2;179;43;61m)[38;2;176;43;61m)[38;2;211;52;73mt[38;2;240;59;83mr[38;2;96;22;31m~[38;2;5;12;12m^[38;2;213;220;228m*[38;2;243;250;255m@[38;2;239;246;255m%[38;2;239;246;255mB[38;2;239;246;255m%[38;2;240;247;255mB[38;2;240;247;255mB[38;2;240;247;255m%[38;2;240;247;255mB[38;2;240;247;255mB[38;2;234;240;247m8[38;2;232;238;248m&[38;2;21;22;22mI[38;2;76;78;81m{[38;2;241;249;250mB[38;2;233;240;249m8[38;2;239;246;255m%[38;2;239;246;255mB[38;2;239;246;255m%[38;2;240;246;255mB[38;2;230;243;255m8[38;2;216;238;255mW[38;2;217;238;255m&[38;2;217;238;255mW[38;2;217;238;255m&[38;2;217;238;255m&[38;2;225;247;255m8[38;2;83;92;98m([38;2;0;0;0m.[0m
[38;2;0;0;0m.[38;2;92;95;98m|[38;2;248;255;255m$[38;2;239;246;255m%[38;2;240;247;255mB[38;2;242;249;255mB[38;2;53;58;60m_[38;2;37;8;12m;[38;2;236;84;105mc[38;2;210;75;93mx[38;2;82;29;36m<[38;2;72;26;32m>[38;2;72;26;32m>[38;2;76;27;33m<[38;2;81;29;36m~[38;2;73;26;32m>[38;2;71;25;31m>[38;2;74;26;33m>[38;2;60;22;27mi[38;2;0;0;0m.[38;2;37;9;13m;[38;2;75;18;26mi[38;2;169;41;58m1[38;2;243;60;84mx[38;2;96;22;31m<[38;2;5;12;12m,[38;2;213;220;228m*[38;2;243;250;255mB[38;2;239;246;255m%[38;2;239;246;255mB[38;2;239;246;255m%[38;2;239;246;255m%[38;2;239;246;255mB[38;2;239;246;255m%[38;2;240;247;255mB[38;2;238;245;251m%[38;2;88;91;94m([38;2;49;50;52m+[38;2;7;8;8m^[38;2;27;28;29ml[38;2;43;45;45m<[38;2;138;142;147mX[38;2;246;253;255m@[38;2;239;246;255m%[38;2;239;246;255mB[38;2;240;246;255m%[38;2;230;243;255m8[38;2;216;238;255m&[38;2;217;238;255m&[38;2;217;238;255m&[38;2;217;238;255mW[38;2;217;238;255m&[38;2;225;247;255m8[38;2;83;92;98m([38;2;0;0;0m.[0m
[38;2;0;0;0m.[38;2;92;95;98m|[38;2;248;255;255m@[38;2;239;246;255mB[38;2;240;247;255m%[38;2;242;249;255mB[38;2;53;58;60m-[38;2;37;8;12m:[38;2;233;83;103mv[38;2;238;85;106mc[38;2;241;86;107mc[38;2;240;86;106mz[38;2;244;87;108mz[38;2;201;72;89mr[38;2;139;50;62m{[38;2;232;83;103mv[38;2;246;88;109mz[38;2;252;90;112mX[38;2;118;42;52m][38;2;0;0;0m.[38;2;181;44;62m)[38;2;240;59;83mr[38;2;232;57;80mr[38;2;238;58;82mr[38;2;96;22;31m~[38;2;5;12;12m^[38;2;213;220;228m*[38;2;243;250;255mB[38;2;239;246;255mB[38;2;239;246;255m%[38;2;239;246;255mB[38;2;239;246;255m%[38;2;239;246;255mB[38;2;239;246;255m%[38;2;239;246;255mB[38;2;241;248;255mB[38;2;221;227;232m#[38;2;120;124;128mn[38;2;32;33;34mi[38;2;46;47;49m~[38;2;154;158;162mC[38;2;233;240;245m8[38;2;240;247;255mB[38;2;239;246;255m%[38;2;239;246;255mB[38;2;240;246;255m%[38;2;230;243;255m8[38;2;216;238;255mW[38;2;217;238;255m&[38;2;217;238;255mW[38;2;217;238;255m&[38;2;217;238;255m&[38;2;225;247;255m8[38;2;83;92;98m([38;2;0;0;0m.[0m
[38;2;0;0;0m.[38;2;92;95;98m|[38;2;248;255;255m@[38;2;239;246;255mB[38;2;240;247;255mB[38;2;242;249;255mB[38;2;53;58;60m-[38;2;37;8;12m:[38;2;233;83;103mv[38;2;236;84;105mc[38;2;235;84;104mv[38;2;235;84;104mv[38;2;241;86;107mc[38;2;185;66;82mt[38;2;6;2;3m`[38;2;83;30;36m~[38;2;228;82;101mv[38;2;150;54;67m1[38;2;3;1;1m`[38;2;114;28;39m_[38;2;236;58;81mr[38;2;229;56;79mj[38;2;229;56;79mj[38;2;238;58;82mr[38;2;96;22;31m<[38;2;5;12;12m,[38;2;213;220;228m*[38;2;243;250;255mB[38;2;239;246;255m%[38;2;242;249;255mB[38;2;248;255;255m$[38;2;249;255;255m@[38;2;249;255;255m$[38;2;249;255;255m@[38;2;249;255;255m@[38;2;248;255;255m$[38;2;251;255;255m$[38;2;255;255;255m$[38;2;238;245;254m%[38;2;244;251;255mB[38;2;255;255;255m$[38;2;250;255;255m$[38;2;248;255;255m@[38;2;249;255;255m$[38;2;249;255;255m@[38;2;250;255;255m$[38;2;236;251;255mB[38;2;223;246;255m8[38;2;219;240;255m&[38;2;217;238;255m&[38;2;217;238;255mW[38;2;217;238;255m&[38;2;225;247;255m8[38;2;83;92;98m([38;2;0;0;0m.[0m
[38;2;0;0;0m.[38;2;92;95;98m|[38;2;248;255;255m$[38;2;239;246;255m%[38;2;240;247;255mB[38;2;242;249;255mB[38;2;53;58;60m_[38;2;37;8;12m;[38;2;233;83;103mv[38;2;236;84;105mc[38;2;236;84;104mc[38;2;239;85;106mc[38;2;241;86;107mz[38;2;251;90;111mX[38;2;192;68;85mf[38;2;25;9;11m,[38;2;21;8;10m,[38;2;2;1;1m.[38;2;119;29;41m-[38;2;243;59;84mx[38;2;236;58;81mr[38;2;232;57;80mr[38;2;229;56;79mj[38;2;238;58;82mr[38;2;96;22;31m~[38;2;5;12;12m^[38;2;213;220;228m*[38;2;243;250;255mB[38;2;242;249;255m@[38;2;217;223;230m*[38;2;151;156;164mC[38;2;130;136;145mc[38;2;130;136;145mz[38;2;130;136;146mc[38;2;130;136;146mz[38;2;130;136;146mc[38;2;130;136;146mc[38;2;130;136;146mz[38;2;132;138;148mz[38;2;132;138;147mz[38;2;130;136;146mc[38;2;130;137;146mz[38;2;130;137;147mz[38;2;130;137;147mc[38;2;130;137;147mz[38;2;131;137;146mz[38;2;123;135;148mc[38;2;150;166;179mQ[38;2;210;230;245m#[38;2;218;240;255m&[38;2;217;238;255m&[38;2;217;238;255m&[38;2;225;247;255m8[38;2;83;92;98m([38;2;0;0;0m.[0m
[38;2;0;0;0m.[38;2;92;95;98m|[38;2;248;255;255m@[38;2;239;246;255mB[38;2;240;247;255m%[38;2;242;249;255mB[38;2;53;58;60m-[38;2;37;8;12m:[38;2;233;83;103mv[38;2;237;84;105mv[38;2;231;82;102mv[38;2;205;73;90mr[38;2;177;63;79m/[38;2;131;47;58m}[38;2;75;28;34m<[38;2;37;13;16m;[38;2;78;19;27m>[38;2;47;11;16mI[38;2;51;13;18mI[38;2;118;29;41m_[38;2;177;43;61m)[38;2;208;51;72m/[38;2;229;56;79mj[38;2;238;58;82mr[38;2;96;22;31m~[38;2;5;12;12m^[38;2;213;220;228m*[38;2;245;252;255m@[38;2;226;233;240mW[38;2;35;37;41mi[38;2;41;33;13mi[38;2;126;108;52mf[38;2;126;105;51mf[38;2;126;105;51mf[38;2;126;105;51mf[38;2;126;105;51mf[38;2;126;104;51mf[38;2;128;106;51mf[38;2;136;113;55mr[38;2;135;112;54mj[38;2;127;105;51mf[38;2;125;97;43m/[38;2;124;88;36m|[38;2;124;89;37m|[38;2;124;89;37m|[38;2;125;90;37m|[38;2;119;85;35m)[38;2;12;6;0m^[38;2;81;90;97m([38;2;222;244;255m8[38;2;217;238;255mW[38;2;217;238;255m&[38;2;225;247;255m8[38;2;83;92;98m([38;2;0;0;0m.[0m
[38;2;0;0;0m.[38;2;92;95;98m|[38;2;248;255;255m$[38;2;239;246;255m%[38;2;240;247;255mB[38;2;242;249;255mB[38;2;51;56;58m_[38;2;38;8;12m:[38;2;240;86;106mc[38;2;248;88;110mX[38;2;201;72;89mr[38;2;71;25;31m>[38;2;75;27;33m>[38;2;106;37;46m-[38;2;159;49;64m1[38;2;216;57;78mj[38;2;245;60;84mx[38;2;232;57;80mj[38;2;173;42;60m1[38;2;104;26;36m+[38;2;67;16;23m![38;2;93;23;32m~[38;2;230;56;79mj[38;2;247;60;85mn[38;2;99;23;32m~[38;2;3;10;10m^[38;2;212;219;227m*[38;2;247;254;255m@[38;2;212;219;227m*[38;2;0;2;7m.[38;2;111;93;48m|[38;2;255;233;124mM[38;2;255;224;119m*[38;2;255;224;119m*[38;2;255;224;119m*[38;2;255;224;119m*[38;2;255;226;120m#[38;2;255;218;116mo[38;2;160;135;72mc[38;2;181;153;81mJ[38;2;255;228;121m#[38;2;255;220;115m*[38;2;255;196;94mb[38;2;255;193;91mb[38;2;255;194;92mb[38;2;255;195;92mb[38;2;255;192;91mb[38;2;41;29;9m![38;2;43;50;56m~[38;2;220;241;255m&[38;2;218;239;255m&[38;2;217;238;255m&[38;2;225;247;255m8[38;2;83;92;98m([38;2;0;0;0m.[0m
[38;2;0;0;0m.[38;2;92;95;98m|[38;2;248;255;255m@[38;2;239;246;255mB[38;2;240;247;255mB[38;2;244;251;255mB[38;2;67;71;73m[[38;2;13;0;0m`[38;2;159;50;65m)[38;2;166;53;68m)[38;2;165;53;67m)[38;2;162;52;66m)[38;2;167;49;65m)[38;2;171;41;58m1[38;2;168;35;52m{[38;2;163;32;49m[[38;2;160;32;49m}[38;2;161;32;49m}[38;2;167;34;51m}[38;2;169;34;52m{[38;2;162;32;49m[[38;2;158;31;48m[[38;2;160;32;49m[[38;2;165;33;50m}[38;2;54;4;10m;[38;2;13;18;19m:[38;2;220;227;235mM[38;2;246;253;255m@[38;2;213;220;228m*[38;2;4;6;11m`[38;2;107;90;46m([38;2;255;224;119m*[38;2;255;215;114mo[38;2;255;215;114mo[38;2;255;215;114mo[38;2;255;215;114mo[38;2;255;223;118m*[38;2;120;101;54mt[38;2;0;0;0m.[38;2;0;0;0m.[38;2;175;148;78mU[38;2;255;225;120m*[38;2;253;197;98mk[38;2;251;185;87mp[38;2;251;186;88md[38;2;252;187;88md[38;2;249;184;87mp[38;2;40;28;9ml[38;2;47;54;60m_[38;2;220;241;255m&[38;2;218;239;255m&[38;2;217;238;255m&[38;2;225;247;255m8[38;2;83;92;98m([38;2;0;0;0m.[0m
[38;2;0;0;0m.[38;2;92;95;98m|[38;2;248;255;255m@[38;2;239;246;255m%[38;2;239;246;255mB[38;2;242;249;255mB[38;2;210;216;222mo[38;2;117;122;126mn[38;2;85;91;94m([38;2;85;90;93m([38;2;85;90;93m([38;2;86;91;94m([38;2;85;90;93m([38;2;85;90;93m([38;2;85;91;94m([38;2;85;91;94m([38;2;85;91;94m([38;2;85;91;94m([38;2;85;91;94m([38;2;85;91;94m([38;2;86;91;94m([38;2;86;91;94m([38;2;85;91;94m([38;2;85;91;94m([38;2;102;107;111mf[38;2;184;189;195mq[38;2;242;249;255mB[38;2;243;250;255mB[38;2;213;220;228m*[38;2;4;6;11m^[38;2;107;90;46m([38;2;255;224;119m*[38;2;255;215;114mo[38;2;255;215;114mo[38;2;255;215;114mo[38;2;255;223;118m*[38;2;188;159;84mL[38;2;0;0;0m.[38;2;125;105;56mf[38;2;76;64;34m?[38;2;23;20;10m;[38;2;230;197;105md[38;2;255;205;103mh[38;2;251;185;87md[38;2;251;186;88mp[38;2;252;187;88md[38;2;249;184;87mp[38;2;40;28;9ml[38;2;47;54;60m+[38;2;220;241;255m&[38;2;218;239;255m&[38;2;217;238;255m&[38;2;225;247;255m8[38;2;83;92;98m([38;2;0;0;0m.[0m
[38;2;0;0;0m.[38;2;92;95;98m|[38;2;248;255;255m$[38;2;239;246;255m%[38;2;239;246;255mB[38;2;239;246;255m%[38;2;243;250;255mB[38;2;248;255;255m$[38;2;247;255;255m@[38;2;247;255;255m@[38;2;247;255;255m@[38;2;247;255;255m$[38;2;247;255;255m@[38;2;247;255;255m@[38;2;250;255;255m$[38;2;255;255;255m$[38;2;255;255;255m$[38;2;252;255;255m@[38;2;247;255;255m$[38;2;247;255;255m@[38;2;247;255;255m$[38;2;247;255;255m@[38;2;247;255;255m$[38;2;247;255;255m@[38;2;248;255;255m$[38;2;245;252;255m@[38;2;239;246;255m%[38;2;243;250;255mB[38;2;213;220;228m*[38;2;4;6;11m`[38;2;107;90;46m([38;2;255;224;119m*[38;2;255;215;114mo[38;2;255;215;114mo[38;2;255;218;116mo[38;2;236;202;107mb[38;2;33;28;15ml[38;2;58;49;26m~[38;2;254;219;116m*[38;2;225;191;101mp[38;2;16;14;7m:[38;2;83;71;38m[[38;2;253;201;100mk[38;2;252;186;88md[38;2;251;186;88mp[38;2;252;187;88md[38;2;249;184;87mp[38;2;40;28;9ml[38;2;47;54;60m_[38;2;220;241;255m&[38;2;218;239;255m&[38;2;217;238;255m&[38;2;225;247;255m8[38;2;83;92;98m([38;2;0;0;0m.[0m
[38;2;0;0;0m.[38;2;92;95;98m|[38;2;248;255;255m@[38;2;239;246;255mB[38;2;239;246;255m%[38;2;239;246;255mB[38;2;239;246;255m%[38;2;239;246;255mB[38;2;239;246;255m%[38;2;239;246;255mB[38;2;239;246;255m%[38;2;239;246;255mB[38;2;239;246;255m%[38;2;246;253;255m@[38;2;220;226;232m#[38;2;124;127;132mu[38;2;105;108;112mj[38;2;196;202;208mb[38;2;247;254;255m@[38;2;240;247;255mB[38;2;239;246;255m%[38;2;239;246;255mB[38;2;239;246;255m%[38;2;239;246;255mB[38;2;239;246;255m%[38;2;239;246;255m%[38;2;239;246;255mB[38;2;243;250;255mB[38;2;213;220;228m*[38;2;4;6;11m^[38;2;107;90;46m([38;2;255;224;119m*[38;2;255;215;114mo[38;2;255;216;114mo[38;2;255;221;117m*[38;2;95;80;43m{[38;2;7;6;3m^[38;2;200;169;90m0[38;2;244;211;112mh[38;2;246;214;113ma[38;2;149;126;67mu[38;2;0;0;0m.[38;2;155;115;55mn[38;2;255;194;92mb[38;2;251;186;88mp[38;2;252;187;88md[38;2;249;184;87mp[38;2;40;28;9ml[38;2;47;54;60m_[38;2;220;241;255m&[38;2;218;239;255m&[38;2;217;238;255m&[38;2;225;247;255m8[38;2;83;92;98m([38;2;0;0;0m.[0m
[38;2;0;0;0m.[38;2;92;95;98m|[38;2;248;255;255m$[38;2;239;246;255m%[38;2;239;246;255mB[38;2;239;246;255m%[38;2;239;246;255mB[38;2;239;246;255m%[38;2;239;246;255mB[38;2;239;246;255m%[38;2;239;246;255mB[38;2;239;246;255m%[38;2;245;252;255m@[38;2;159;163;167mL[38;2;30;31;32m![38;2;1;1;1m.[38;2;0;0;0m.[38;2;18;19;20m;[38;2;112;115;119mr[38;2;240;247;252mB[38;2;240;247;255mB[38;2;239;246;255m%[38;2;239;246;255m%[38;2;239;246;255mB[38;2;239;246;255m%[38;2;239;246;255mB[38;2;239;246;255m%[38;2;243;250;255mB[38;2;213;220;228m*[38;2;4;6;11m`[38;2;107;90;46m([38;2;255;224;119m*[38;2;255;215;114mo[38;2;255;223;119m*[38;2;168;141;75mX[38;2;0;0;0m.[38;2;31;26;14ml[38;2;64;54;29m_[38;2;60;51;27m+[38;2;60;52;27m+[38;2;62;53;28m_[38;2;16;12;6m,[38;2;16;12;6m,[38;2;216;160;76m0[38;2;255;190;90md[38;2;252;187;88md[38;2;249;184;87mp[38;2;40;28;9ml[38;2;47;54;60m_[38;2;220;241;255m&[38;2;218;239;255m&[38;2;217;238;255mW[38;2;225;247;255m%[38;2;83;92;98m([38;2;0;0;0m.[0m
[38;2;0;0;0m.[38;2;92;95;98m|[38;2;248;255;255m@[38;2;239;246;255mB[38;2;239;246;255m%[38;2;239;246;255mB[38;2;239;246;255m%[38;2;239;246;255m%[38;2;239;246;255mB[38;2;239;246;255m%[38;2;239;246;255mB[38;2;239;246;255m%[38;2;242;249;255mB[38;2;197;203;210mk[38;2;186;191;194mp[38;2;71;73;76m}[38;2;22;22;24m;[38;2;186;192;198mp[38;2;180;186;191mw[38;2;238;245;253m%[38;2;239;246;255m%[38;2;239;246;255mB[38;2;239;246;255m%[38;2;239;246;255mB[38;2;239;246;255m%[38;2;239;246;255mB[38;2;239;246;255m%[38;2;243;250;255mB[38;2;213;220;228m*[38;2;4;6;11m^[38;2;107;90;46m([38;2;255;224;119m*[38;2;255;219;116m*[38;2;221;188;100mq[38;2;11;9;5m^[38;2;77;65;34m][38;2;233;201;107mb[38;2;233;197;104md[38;2;233;197;105md[38;2;233;196;104md[38;2;232;183;91mq[38;2;214;159;75mQ[38;2;24;18;8m;[38;2;57;42;20m<[38;2;246;184;87mp[38;2;253;188;89md[38;2;249;184;87mp[38;2;40;28;9ml[38;2;47;54;60m_[38;2;220;241;255m&[38;2;218;239;255m&[38;2;217;238;255m&[38;2;225;247;255m8[38;2;83;92;98m([38;2;0;0;0m.[0m
[38;2;0;0;0m.[38;2;92;95;98m|[38;2;248;255;255m$[38;2;239;246;255m%[38;2;239;246;255m%[38;2;239;246;255mB[38;2;239;246;255m%[38;2;239;246;255mB[38;2;239;246;255m%[38;2;239;246;255mB[38;2;239;246;255m%[38;2;239;246;255mB[38;2;239;246;255m%[38;2;243;250;255mB[38;2;254;255;255m$[38;2;84;86;89m)[38;2;8;8;8m^[38;2;222;229;237mM[38;2;255;255;255m$[38;2;249;255;255m$[38;2;249;255;255m@[38;2;249;255;255m$[38;2;249;255;255m@[38;2;249;255;255m$[38;2;241;248;255mB[38;2;239;246;255m%[38;2;239;246;255mB[38;2;243;250;255mB[38;2;212;219;227m*[38;2;0;2;7m.[38;2;111;93;48m|[38;2;255;233;124mM[38;2;255;227;120m#[38;2;237;199;106mb[38;2;155;131;69mv[38;2;244;205;109mh[38;2;255;230;122m#[38;2;255;226;120m#[38;2;255;220;114m*[38;2;255;204;100mh[38;2;255;195;92mb[38;2;255;200;94mk[38;2;210;156;74mQ[38;2;157;116;55mn[38;2;254;188;89md[38;2;255;196;92mb[38;2;255;191;91mb[38;2;41;28;9m![38;2;43;50;56m~[38;2;220;241;255m&[38;2;218;239;255m&[38;2;217;238;255m&[38;2;225;247;255m8[38;2;83;92;98m([38;2;0;0;0m.[0m
[38;2;0;0;0m.[38;2;92;95;98m|[38;2;248;255;255m@[38;2;239;246;255mB[38;2;239;246;255m%[38;2;239;246;255mB[38;2;239;246;255m%[38;2;239;246;255mB[38;2;239;246;255m%[38;2;239;246;255m%[38;2;239;246;255mB[38;2;239;246;255m%[38;2;239;246;255mB[38;2;239;246;255m%[38;2;244;251;255m@[38;2;196;202;208mb[38;2;47;49;50m+[38;2;45;47;48m~[38;2;107;110;111mj[38;2;115;118;122mx[38;2;114;118;122mx[38;2;114;118;122mx[38;2;114;117;122mx[38;2;120;124;128mn[38;2;215;222;230m*[38;2;242;249;255mB[38;2;239;246;255mB[38;2;241;248;255mB[38;2;227;234;240mW[38;2;37;39;43m>[38;2;40;32;13m![38;2;122;105;51mf[38;2;122;101;49m/[38;2;125;104;50mf[38;2;133;110;54mj[38;2;125;104;50mt[38;2;122;101;49mt[38;2;122;96;44m/[38;2;121;87;36m([38;2;121;86;35m([38;2;121;87;36m([38;2;121;87;36m([38;2;127;91;38m|[38;2;131;94;39m/[38;2;122;87;36m|[38;2;122;88;36m([38;2;116;83;34m)[38;2;12;7;0m^[38;2;83;92;99m([38;2;222;244;255m8[38;2;217;238;255m&[38;2;217;238;255mW[38;2;225;247;255m%[38;2;83;92;98m([38;2;0;0;0m.[0m
[38;2;0;0;0m.[38;2;94;98;101m/[38;2;255;255;255m$[38;2;246;254;255m@[38;2;246;254;255m@[38;2;246;254;255m@[38;2;246;254;255m@[38;2;246;254;255m@[38;2;246;254;255m$[38;2;246;254;255m@[38;2;246;254;255m@[38;2;246;254;255m@[38;2;246;254;255m@[38;2;246;254;255m@[38;2;246;253;255m@[38;2;252;255;255m$[38;2;240;247;255m%[38;2;185;190;197mq[38;2;147;152;158mU[38;2;142;146;151mY[38;2;142;146;151mY[38;2;142;146;151mY[38;2;142;146;151mY[38;2;147;152;157mU[38;2;227;233;242m&[38;2;249;255;255m@[38;2;242;249;255mB[38;2;240;247;255mB[38;2;245;252;255m@[38;2;226;232;240mW[38;2;162;168;176mQ[38;2;141;147;157mY[38;2;141;147;157mY[38;2;141;147;157mY[38;2;141;147;157mY[38;2;141;147;157mU[38;2;141;147;157mY[38;2;142;148;158mY[38;2;137;147;158mY[38;2;128;144;158mX[38;2;127;144;158mX[38;2;127;144;158mX[38;2;127;144;158mX[38;2;127;144;158mX[38;2;127;144;158mX[38;2;127;143;158mX[38;2;128;144;159mX[38;2;160;177;190mO[38;2;217;238;254m&[38;2;225;247;255m8[38;2;224;245;255m8[38;2;224;245;255m8[38;2;233;255;255mB[38;2;85;94;101m([38;2;0;0;0m.[0m
[38;2;0;0;0m.[38;2;35;36;37mi[38;2;158;163;166mL[38;2;175;180;185mm[38;2;173;179;185mm[38;2;173;178;185mZ[38;2;173;178;185mZ[38;2;173;178;185mZ[38;2;173;178;185mZ[38;2;173;178;185mZ[38;2;173;178;185mZ[38;2;173;178;185mZ[38;2;173;178;185mm[38;2;173;178;185mZ[38;2;173;178;185mZ[38;2;173;178;185mZ[38;2;175;180;187mm[38;2;180;185;192mw[38;2;182;188;195mq[38;2;183;188;195mq[38;2;183;188;195mw[38;2;183;188;195mq[38;2;183;188;195mq[38;2;182;188;195mq[38;2;175;180;187mZ[38;2;175;180;187mm[38;2;219;226;234m#[38;2;239;245;252m%[38;2;219;226;234m#[38;2;178;184;190mw[38;2;182;187;194mq[38;2;183;188;195mq[38;2;183;188;195mq[38;2;183;188;195mq[38;2;183;188;195mq[38;2;183;188;195mw[38;2;183;188;195mq[38;2;179;187;195mq[38;2;168;183;195mm[38;2;166;182;195mm[38;2;166;182;195mm[38;2;166;182;195mm[38;2;166;182;195mm[38;2;166;182;195mZ[38;2;166;182;195mm[38;2;166;182;195mZ[38;2;166;182;195mm[38;2;164;180;193mZ[38;2;159;174;187mO[38;2;157;172;185m0[38;2;157;173;185m0[38;2;159;174;185mO[38;2;143;157;166mJ[38;2;32;35;37mi[38;2;0;0;0m.[0m
